101
120
116
101
110
100
115
32
67
111
110
116
114
111
108
13
10
13
10
64
111
110
114
101
97
100
121
32
118
97
114
32
95
114
105
99
104
58
32
82
105
99
104
84
101
120
116
76
97
98
101
108
32
61
32
36
82
105
99
104
84
101
120
116
32
105
102
32
104
97
115
95
110
111
100
101
40
34
82
105
99
104
84
101
120
116
34
41
32
101
108
115
101
32
110
117
108
108
13
10
118
97
114
32
95
104
111
115
116
58
32
86
66
111
120
67
111
110
116
97
105
110
101
114
32
61
32
110
117
108
108
13
10
13
10
102
117
110
99
32
95
114
101
97
100
121
40
41
32
45
62
32
118
111
105
100
58
10
32
32
32
32
112
114
111
99
101
115
115
95
109
111
100
101
32
61
32
78
111
100
101
46
80
82
79
67
69
83
83
95
77
79
68
69
95
87
72
69
78
95
80

